threshold                precision                recall                   f1_score
0.000000000000000000e+00 8.656812038977122759e-02 9.487786919358452975e-01 1.586598559032812161e-01
1.000000000000000021e-02 2.558909182223987888e-01 7.285590805775202794e-01 3.787529124597803221e-01
2.000000000000000042e-02 2.599487465353587101e-01 7.165754287116773424e-01 3.815018393057508228e-01
2.999999999999999889e-02 2.599790654439219639e-01 7.103114895796651673e-01 3.806408632525796754e-01
4.000000000000000083e-02 2.642205870591058381e-01 7.050506343972425816e-01 3.843896081984810031e-01
5.000000000000000278e-02 2.659562817148211633e-01 6.996723970505063228e-01 3.854116457601016177e-01
5.999999999999999778e-02 2.675068192429616576e-01 6.969832783771382489e-01 3.866245601157831668e-01
7.000000000000000666e-02 2.673511056956084930e-01 6.930456403197062798e-01 3.858541149910140189e-01
8.000000000000000167e-02 2.689227139035211822e-01 6.907833658802061683e-01 3.871338139564090008e-01
8.999999999999999667e-02 2.694453026494877390e-01 6.886811580284064593e-01 3.873432384336297218e-01
1.000000000000000056e-01 2.694865466248182462e-01 6.862588170012058342e-01 3.870016548819016355e-01
1.100000000000000006e-01 2.678224136849369774e-01 6.833242628933636764e-01 3.848187833152046933e-01
1.199999999999999956e-01 2.704282789312486002e-01 6.821611123560734624e-01 3.873141087976637031e-01
1.300000000000000044e-01 2.697022248540732470e-01 6.804217221030615104e-01 3.862890791837179649e-01
1.400000000000000133e-01 2.711473688254805725e-01 6.777859589589269040e-01 3.873399195023783381e-01
1.499999999999999944e-01 2.735476398336949555e-01 6.754169734609597464e-01 3.893901129830540930e-01
1.600000000000000033e-01 2.753485052248582088e-01 6.751181824972521950e-01 3.911610681406463286e-01
1.700000000000000122e-01 2.742994631968451724e-01 6.739657030658087189e-01 3.899087241444239016e-01
1.799999999999999933e-01 2.737345417400187109e-01 6.720022195900161588e-01 3.890093462562467796e-01
1.900000000000000022e-01 2.758519027000387314e-01 6.689609544237069549e-01 3.906258275772898636e-01
2.000000000000000111e-01 2.746653445711452757e-01 6.680325682150440869e-01 3.892771863496168883e-01
2.099999999999999922e-01 2.738358667408650748e-01 6.668800887836006108e-01 3.882483039685892812e-01
2.200000000000000011e-01 2.766063298167684703e-01 6.645004321797868263e-01 3.906146106462256573e-01
2.300000000000000100e-01 2.743628449835182614e-01 6.652474095890557049e-01 3.884997444941607481e-01
2.399999999999999911e-01 2.776450092689790594e-01 6.632625839015696689e-01 3.914338615008690625e-01
2.500000000000000000e-01 2.781180775405145966e-01 6.618433268239587441e-01 3.916556421032025281e-01
2.600000000000000089e-01 2.780002514051753693e-01 6.607975584509823141e-01 3.913555942475960836e-01
2.700000000000000178e-01 2.781299239184261696e-01 6.592715903149043433e-01 3.912158332832026408e-01
2.800000000000000266e-01 2.790340364766914494e-01 6.589194438219633243e-01 3.920470598692711306e-01
2.899999999999999800e-01 2.791165659742838034e-01 6.571693824631046343e-01 3.918180372196596317e-01
2.999999999999999889e-01 2.773417932876940939e-01 6.558141520205739150e-01 3.898269606475020521e-01
3.099999999999999978e-01 2.786811590914248238e-01 6.552699256223922797e-01 3.910512774791757851e-01
3.200000000000000067e-01 2.789336682685306656e-01 6.540747617675619630e-01 3.910864398398494757e-01
3.300000000000000155e-01 2.777460161893353652e-01 6.532104021939794114e-01 3.897638672664699433e-01
3.400000000000000244e-01 2.801694043288134317e-01 6.508734300135523565e-01 3.917216575951704138e-01
3.500000000000000333e-01 2.794762426180538717e-01 6.509481277544791888e-01 3.910571190460926938e-01
3.599999999999999867e-01 2.761024466499436558e-01 6.483550490337313121e-01 3.872810078816446566e-01
3.699999999999999956e-01 2.808299983807166500e-01 6.477361248946228445e-01 3.917948982753278742e-01
3.800000000000000044e-01 2.804844761301127365e-01 6.469571341678138632e-01 3.913161342791307007e-01
3.900000000000000133e-01 2.804796647723585279e-01 6.456979436779033410e-01 3.910808059590556995e-01
4.000000000000000222e-01 2.800982573229514050e-01 6.448976107394008839e-01 3.905632514839839642e-01
4.100000000000000311e-01 2.807875356479909157e-01 6.440545933775116971e-01 3.910775610704334548e-01
4.199999999999999845e-01 2.819485794140053625e-01 6.437451313079574078e-01 3.921448815621831341e-01
4.299999999999999933e-01 2.829805536361457152e-01 6.424112430771200533e-01 3.928928046989720868e-01
4.400000000000000022e-01 2.806123640371565586e-01 6.411733947989030069e-01 3.903752696275890610e-01
4.500000000000000111e-01 2.843652671050074243e-01 6.401169553200798390e-01 3.937923835907805037e-01
4.600000000000000200e-01 2.842009843239061695e-01 6.390071603120230925e-01 3.934247439342474228e-01
4.700000000000000289e-01 2.848697509439719333e-01 6.376199165519522705e-01 3.938008917067319925e-01
4.799999999999999822e-01 2.838169138123913804e-01 6.362113305801879726e-01 3.925260718424101736e-01
4.899999999999999911e-01 2.846060142833257700e-01 6.357631441346266454e-01 3.931944325283950326e-01
5.000000000000000000e-01 2.847590191319998021e-01 6.348347579259638884e-01 3.931625626181318722e-01
5.100000000000000089e-01 2.865434107666233743e-01 6.332661053664990769e-01 3.945561044366285852e-01
5.200000000000000178e-01 2.833969328590101311e-01 6.316227550661075441e-01 3.912483061770829496e-01
5.300000000000000266e-01 2.841503244395061079e-01 6.303849067878903867e-01 3.917270098936367906e-01
5.400000000000000355e-01 2.852313992119292485e-01 6.303208801528101812e-01 3.927406673559419858e-01
5.500000000000000444e-01 2.851406984065481542e-01 6.282400145127039481e-01 3.922500091611393902e-01
5.600000000000000533e-01 2.839623051620288607e-01 6.273436416215812939e-01 3.909596930259158776e-01
5.700000000000000622e-01 2.847860976827855106e-01 6.267567308000128179e-01 3.916252708784797587e-01
5.799999999999999600e-01 2.877619117719220632e-01 6.257856601679632202e-01 3.942373302946880487e-01
5.899999999999999689e-01 2.850355135810178075e-01 6.235127146226163708e-01 3.912247282417652960e-01
5.999999999999999778e-01 2.859265798572794837e-01 6.221147997566988108e-01 3.917864559182274165e-01
6.099999999999999867e-01 2.873764562495990660e-01 6.214852045117436052e-01 3.930195834964166912e-01
6.199999999999999956e-01 2.883838358737842444e-01 6.192015878605500179e-01 3.935006544103186732e-01
6.300000000000000044e-01 2.882044658602617715e-01 6.191055479079297097e-01 3.933142609214415053e-01
6.400000000000000133e-01 2.869349845201238369e-01 6.181238061700333741e-01 3.919333121325095926e-01
6.500000000000000222e-01 2.892779935145522452e-01 6.168646156801229630e-01 3.938571180372211766e-01
6.600000000000000311e-01 2.905080530256116123e-01 6.157334784603728517e-01 3.947634880888852837e-01
6.700000000000000400e-01 2.877639795130849665e-01 6.127455688232971154e-01 3.916140670342673769e-01
6.800000000000000488e-01 2.890907443026757284e-01 6.126708710823702830e-01 3.928254986948920835e-01
6.900000000000000577e-01 2.916639074956065558e-01 6.110061785702852744e-01 3.948473585126850982e-01
7.000000000000000666e-01 2.890821119118957006e-01 6.095122237517474062e-01 3.921660172677182699e-01
7.099999999999999645e-01 2.885971409149478140e-01 6.070792116187000431e-01 3.912156981401954114e-01
7.199999999999999734e-01 2.914153418103603288e-01 6.057773367054027913e-01 3.935226264418810738e-01
7.299999999999999822e-01 2.900597306745420489e-01 6.047422394382729882e-01 3.920674673455833426e-01
7.399999999999999911e-01 2.901913089886486996e-01 6.034403645249757364e-01 3.919134794978151315e-01
7.500000000000000000e-01 2.900858623623752686e-01 6.002710460885061217e-01 3.911468365168657146e-01
7.600000000000000089e-01 2.935224044000729893e-01 6.008046013808411301e-01 3.943738923950884101e-01
7.700000000000000178e-01 2.899798383961936787e-01 5.970377010169564125e-01 3.903618324658471583e-01
7.800000000000000266e-01 2.921311234966265657e-01 5.951169019645505820e-01 3.918907998524321923e-01
7.900000000000000355e-01 2.943078160384346997e-01 5.935589205109325084e-01 3.935028138673609122e-01
8.000000000000000444e-01 2.940753051265494467e-01 5.929079830542839380e-01 3.931519304862214348e-01
8.100000000000000533e-01 2.934275543276127496e-01 5.893224914897930988e-01 3.917835138212477641e-01
8.200000000000000622e-01 2.918124897105136006e-01 5.863559240644108383e-01 3.896883089252154431e-01
8.300000000000000711e-01 2.945166092513072931e-01 5.847872715049460268e-01 3.917407124118063577e-01
8.399999999999999689e-01 2.965725872033135868e-01 5.837521742378162237e-01 3.933205112073769327e-01
8.499999999999999778e-01 2.969676055257939873e-01 5.785340034787804786e-01 3.924741107527699446e-01
8.599999999999999867e-01 2.977273479109464605e-01 5.762397157217402643e-01 3.926059218059872458e-01
8.699999999999999956e-01 2.959511338037090211e-01 5.733798593548249389e-01 3.903977214932356499e-01
8.800000000000000044e-01 2.956588734798851759e-01 5.692074569687656238e-01 3.891728226174190342e-01
8.900000000000000133e-01 2.976942026789672346e-01 5.661021651673763255e-01 3.901969004905962435e-01
9.000000000000000222e-01 3.006719212159551513e-01 5.629862022601401783e-01 3.919934021353899678e-01
9.100000000000000311e-01 2.985235681008495678e-01 5.579601114063450495e-01 3.889490186451836085e-01
9.200000000000000400e-01 2.984362377380265219e-01 5.518989232854201177e-01 3.873922797188130707e-01
9.300000000000000488e-01 2.993624245399346684e-01 5.466380681029975319e-01 3.868624163608077593e-01
9.400000000000000577e-01 3.021483394304569359e-01 5.393923872330889102e-01 3.873288812772266998e-01
9.500000000000000666e-01 3.029641432324608474e-01 5.316024799649987642e-01 3.859643685864037055e-01
9.599999999999999645e-01 3.057296890672016043e-01 5.204298321435050223e-01 3.851819090079808272e-01
9.699999999999999734e-01 3.077646174092874554e-01 5.065894078603365713e-01 3.829054451891822364e-01
9.799999999999999822e-01 3.066961636000647418e-01 4.852365250610921055e-01 3.758404793883665107e-01
9.899999999999999911e-01 3.157043080350422914e-01 4.476208769514785080e-01 3.702637932023709610e-01
