threshold                precision                recall                   f1_score
0.000000000000000000e+00 3.574790954589843802e-03 1.000000000000000000e+00 7.124114688432020559e-03
1.000000000000000021e-02 1.785004291113925501e-01 9.610291214478556832e-01 3.010788276316272993e-01
2.000000000000000042e-02 2.226072967766280775e-01 9.568567190617963680e-01 3.611865809767602076e-01
2.999999999999999889e-02 2.539216689986235620e-01 9.528016988400508369e-01 4.009817063997287434e-01
4.000000000000000083e-02 2.791798800590285512e-01 9.488320474650787650e-01 4.314205933513018953e-01
5.000000000000000278e-02 3.011128030127934729e-01 9.453639380649017099e-01 4.567452819245056417e-01
5.999999999999999778e-02 3.207684259474540833e-01 9.422159618401254599e-01 4.786015312690561352e-01
7.000000000000000666e-02 3.386570767412221961e-01 9.385771147464011532e-01 4.977251377932704890e-01
8.000000000000000167e-02 3.553828934775908888e-01 9.351730319813041925e-01 5.150408307792668783e-01
8.999999999999999667e-02 3.711616792945398036e-01 9.315341848875798858e-01 5.308219698697191902e-01
1.000000000000000056e-01 3.861104821775013241e-01 9.280767465932494575e-01 5.453411086029595900e-01
1.100000000000000006e-01 4.002986371789419295e-01 9.240217263715039264e-01 5.586029603873211569e-01
1.199999999999999956e-01 4.142949081233730513e-01 9.205109325479399196e-01 5.714134304877038772e-01
1.300000000000000044e-01 4.278343584252595755e-01 9.167226899723618372e-01 5.833972822285453663e-01
1.400000000000000133e-01 4.409274650937364814e-01 9.125609586921492600e-01 5.945720453731675459e-01
1.499999999999999944e-01 4.535603550232810699e-01 9.084952673645569909e-01 6.050522889519822645e-01
1.600000000000000033e-01 4.660264660264660241e-01 9.041841406024906380e-01 6.150495955053733033e-01
1.700000000000000122e-01 4.784550008793876930e-01 8.999156982638111257e-01 6.247508982479534900e-01
1.799999999999999933e-01 4.909178155942042765e-01 8.951990694795701753e-01 6.341011734915625864e-01
1.900000000000000022e-01 5.035760630111355551e-01 8.903437163193221870e-01 6.433021326466097367e-01
2.000000000000000111e-01 5.155206579740214679e-01 8.855737320058477691e-01 6.516785111311790279e-01
2.099999999999999922e-01 5.276023773423155205e-01 8.800354280714109967e-01 6.596992240620750403e-01
2.200000000000000011e-01 5.392450372085983989e-01 8.745504796662078029e-01 6.671360890871497196e-01
2.300000000000000100e-01 5.513491552967464404e-01 8.689054646733040954e-01 6.746259258645544987e-01
2.399999999999999911e-01 5.634050021939447372e-01 8.632070941511669204e-01 6.818043896025083317e-01
2.500000000000000000e-01 5.755238941604793323e-01 8.569324839133078964e-01 6.885865813765043031e-01
2.600000000000000089e-01 5.873839351510685702e-01 8.505725048286754131e-01 6.948925727188322021e-01
2.700000000000000178e-01 5.998225848029478113e-01 8.442231968498895567e-01 7.013408390771480594e-01
2.800000000000000266e-01 6.122595497288227939e-01 8.372336225203017568e-01 7.072876099812490658e-01
2.899999999999999800e-01 6.239496641332873406e-01 8.296357951574521161e-01 7.122401678316552243e-01
2.999999999999999889e-01 6.352905269409707678e-01 8.218352167835152322e-01 7.166219252904313386e-01
3.099999999999999978e-01 6.470767925328807513e-01 8.137571896575641617e-01 7.209079178109385477e-01
3.200000000000000067e-01 6.592593886157849248e-01 8.057005047433065670e-01 7.251606335058922159e-01
3.300000000000000155e-01 6.710628045381807905e-01 7.965446959268388527e-01 7.284393373832003249e-01
3.400000000000000244e-01 6.824313703734524728e-01 7.876023092273052306e-01 7.312547061387865144e-01
3.500000000000000333e-01 6.944042358677433580e-01 7.781156961295898622e-01 7.338805046321689174e-01
3.599999999999999867e-01 7.060063534394854790e-01 7.683943187032472588e-01 7.358803901830835992e-01
3.699999999999999956e-01 7.176408763845096850e-01 7.577765683857817791e-01 7.371628179775047141e-01
3.800000000000000044e-01 7.293253451419640099e-01 7.469453959513824293e-01 7.380302183608700162e-01
3.900000000000000133e-01 7.408757554250812172e-01 7.352071795200136872e-01 7.380305830052756866e-01
4.000000000000000222e-01 7.520350935643289603e-01 7.226152746209089095e-01 7.370317159711791133e-01
4.100000000000000311e-01 7.628673309102582678e-01 7.100020275101108780e-01 7.354859391581181072e-01
4.199999999999999845e-01 7.730683647381876300e-01 6.969832783771382489e-01 7.330568633942950996e-01
4.299999999999999933e-01 7.837778267577694136e-01 6.830361430355027519e-01 7.299474845618296737e-01
4.400000000000000022e-01 7.941716819765600732e-01 6.688649144710866468e-01 7.261521351282467229e-01
4.500000000000000111e-01 8.035986141004777261e-01 6.534024820992199167e-01 7.207590034548312374e-01
4.600000000000000200e-01 8.135007550301331936e-01 6.381107874209004382e-01 7.152100850386919895e-01
4.700000000000000289e-01 8.227450206503812424e-01 6.228511060601210625e-01 7.089776136625894898e-01
4.799999999999999822e-01 8.316442182541423644e-01 6.068337761842259592e-01 7.016719106669133676e-01
4.899999999999999911e-01 8.401209156780240495e-01 5.901761799575290235e-01 6.933095987263541149e-01
5.000000000000000000e-01 8.486366077917153472e-01 5.732197927671244253e-01 6.842537688922289973e-01
5.100000000000000089e-01 8.567133280757097680e-01 5.564234721644204518e-01 6.746627850557981310e-01
5.200000000000000178e-01 8.642700929469655513e-01 5.397872181494167698e-01 6.645340550056161311e-01
5.300000000000000266e-01 8.714593075979302217e-01 5.229908975467127963e-01 6.536845615205069127e-01
5.400000000000000355e-01 8.777499768325456309e-01 5.053729017938128898e-01 6.414340471063074700e-01
5.500000000000000444e-01 8.838449205092047123e-01 4.882457769098611511e-01 6.290160711585256470e-01
5.600000000000000533e-01 8.904595062623333890e-01 4.718976427527184492e-01 6.168804447141371661e-01
5.700000000000000622e-01 8.958039455123480987e-01 4.540342115653445143e-01 6.026287462466715095e-01
5.799999999999999600e-01 9.015496208374547127e-01 4.376860774082018124e-01 5.892849446144562409e-01
5.899999999999999689e-01 9.067249109092999637e-01 4.208470723821109427e-01 5.748728189729312987e-01
5.999999999999999778e-01 9.118149243681311633e-01 4.046056492834352314e-01 5.604978786938075164e-01
6.099999999999999867e-01 9.162260160145037080e-01 3.882895284438326322e-01 5.454300168634064194e-01
6.199999999999999956e-01 9.196225617169740962e-01 3.712797857241946220e-01 5.289900794404956974e-01
6.300000000000000044e-01 9.230086039411601329e-01 3.548782960378183970e-01 5.126521300128717984e-01
6.400000000000000133e-01 9.267226302903113222e-01 3.392771392899446292e-01 4.967075199775033978e-01
6.500000000000000222e-01 9.302844906699296867e-01 3.245189999039600481e-01 4.811829020340028795e-01
6.600000000000000311e-01 9.336899084933625304e-01 3.092273052256405141e-01 4.645883267733892930e-01
6.700000000000000400e-01 9.371498421106244647e-01 2.945225213688894561e-01 4.481901885321771251e-01
6.800000000000000488e-01 9.403113258185722412e-01 2.804046483337068185e-01 4.319885579009666299e-01
6.900000000000000577e-01 9.435340423116224118e-01 2.660413398640500970e-01 4.150531906038257279e-01
7.000000000000000666e-01 9.460713714194270985e-01 2.523503110627354218e-01 3.984263775514501615e-01
7.099999999999999645e-01 9.480414990472157966e-01 2.389047176958948304e-01 3.816374887066805721e-01
7.199999999999999734e-01 9.507121355079301006e-01 2.258005997161485756e-01 3.649282560706401668e-01
7.299999999999999822e-01 9.529910459135073619e-01 2.135181568865981705e-01 3.488714725343701750e-01
7.399999999999999911e-01 9.555330463408457931e-01 2.013317540096680180e-01 3.325870822168946472e-01
7.500000000000000000e-01 9.575249932450689005e-01 1.890813244976576879e-01 3.158016682113067852e-01
7.600000000000000089e-01 9.592118907708261366e-01 1.776739123475365723e-01 2.998136293655295215e-01
7.700000000000000178e-01 9.613625123639960579e-01 1.659463670220144849e-01 2.830362099247408780e-01
7.800000000000000266e-01 9.630664803353963244e-01 1.544322438134263786e-01 2.661810958450587239e-01
7.900000000000000355e-01 9.643472022955523748e-01 1.434516758971732253e-01 2.497515118298948011e-01
8.000000000000000444e-01 9.658066521603978494e-01 1.326205034627738477e-01 2.332166749547284201e-01
8.100000000000000533e-01 9.669219762646241723e-01 1.225896639668768856e-01 2.175922418365027755e-01
8.200000000000000622e-01 9.680440771349861917e-01 1.124947978358997319e-01 2.015659506123268219e-01
8.300000000000000711e-01 9.709489344591877291e-01 1.030722113732646106e-01 1.863610492094270321e-01
8.399999999999999689e-01 9.729461130742049768e-01 9.402311361526395628e-02 1.714752790292603801e-01
8.499999999999999778e-01 9.747888875290662281e-01 8.499535806895668066e-02 1.563573545866787096e-01
8.599999999999999867e-01 9.769008662175168167e-01 7.581820704079564321e-02 1.407153608492434371e-01
8.699999999999999956e-01 9.778678304239400987e-01 6.695051808218885347e-02 1.253208425299869311e-01
8.800000000000000044e-01 9.776635348342492815e-01 5.885114874454439732e-02 1.110194057492551595e-01
8.900000000000000133e-01 9.785168353645941064e-01 5.054902839581265628e-02 9.613199123305461724e-02
9.000000000000000222e-01 9.811873931101880997e-01 4.285516108034275601e-02 8.212343053453845243e-02
9.100000000000000311e-01 9.818883610451306643e-01 3.528934703503323889e-02 6.813007962587171173e-02
9.200000000000000400e-01 9.834399698908543597e-01 2.788359957742420764e-02 5.422961979080192368e-02
9.300000000000000488e-01 9.878875968992247847e-01 2.175838482141904257e-02 4.257896110676063356e-02
9.400000000000000577e-01 9.909596662030597525e-01 1.520632583154592384e-02 2.995302105119338962e-02
9.500000000000000666e-01 9.924487594390507539e-01 9.817417378962982680e-03 1.944250723810731635e-02
9.599999999999999645e-01 9.960937500000000000e-01 5.442263981816435579e-03 1.082538233764579992e-02
9.699999999999999734e-01 9.957081545064377925e-01 2.475696556434143440e-03 4.939112662862982228e-03
9.799999999999999822e-01 1.000000000000000000e+00 5.869108215684390971e-04 1.173133118614423220e-03
9.899999999999999911e-01 1.000000000000000000e+00 0.000000000000000000e+00 0.000000000000000000e+00
